11914
11913
10396
9371
8836
8192
7653
7310
7001
6634
6436
6483
6421
6405
6392
6371
6334
6314
6305
6328
6321
6265
6179
6185
6141
6113
6089
6067
6047
6061
6060
6043
6042
6041
6064
6047
6038
6025
6029
6030
6034
6001
5971
5944
5915
5916
5853
5809
5775
5754
5703
5679
5671
5661
5643
5638
5627
5586
5579
5583
5614
5642
5636
5620
5596
5572
5560
5558
5578
5551
5536
5531
5531
5543
5522
5510
5473
5462
5476
5487
5488
5505
5524
5545
5554
5561
5569
5604
5637
5670
5687
5704
5708
5704
5710
5709
5745
5745
5772
5801
5851
5901
5909
5917
5907
5884
5796
5717
5680
5648
5624
5588
5554
5525
5499
5486
5478
5460
5435
5398
5394
5364
5365
5354
5317
5284
5246
5217
5183
5158
5146
5130
5116
5112
5115
5109
5129
5127
5131
5131
5143
5145
5147
5179
5191
5193
5190
5200
5235
5259
5283
5302
5347
5391
5440
5480
5534
5562
5562
5595
5619
5643
5669
5677
5688
5699
5709
5719
5729
5736
5734
5735
5745
5782
5793
5794
5778
5772
5761
5738
5720
5700
5670
5639
5614
5586
5552
5537
5513
5484
5450
5424
5400
5374
5348
5324
5303
5282
5263
5248
5228
5235
5219
5220
5267
5288
5303
5279
5248
5246
5257
5267
5278
5289
5328
5391
5401
5396
5389
5355
5343
5333
5322
5311
5300
5289
5269
5259
5248
5237
5228
5246
5239
5229
5218
5212
5190
5189
5188
5187
5186
5185
5184
5196
5202
5219
5239
5247
5271
5302
5309
5306
5313
5353
5403
5422
5429
5457
5488
5547
5563
5510
5507
5534
5563
5573
5578
5555
5532
5510
5488
5465
5443
5421
5400
5378
5355
5305
5280
5259
5239
5215
5205
5176
5147
5118
5089
5075
5124
5084
5061
5017
4970
4920
4866
4814
4763
4720
4674
4633
4580
4530
4493
4437
4371
4290
4224
4201
4181
4154
4121
4102
4086
4085
4084
4083
4082
4081
4080
4079
4078
4077
4076
4075
4084
4091
4117
4125
4134
4148
4179
4216
4269
4313
4313
4369
4418
4476
4537
4599
4663
4729
4796
4866
4938
5015
5112
5222
5319
5431
5561
5698
5833
5943
6058
6176
6300
6428
6562
6702
6848
7000
7159
7326
7501
7684
7876
8079
8292
8516
8707
8919
9049
9272
9511
9742
9891
10009
10049
10085
10120
10155
10191
10227
10264
10300
10337
10375
10412
10450
10488
10526
10549
10568
10587
10606
10625
10644
10663
10682
10702
10721
10741
10760
10780
10800
10820
10839
10859
10879
10900
10920
10940
10960
10981
11001
11022
11043
11064
11084
11090
11089
11088
11087
11086
11085
11084
11083
11082
11081
11080
11079
11078
11077
11076
11075
11914
11913
8397
7577
7267
7027
6555
6293
6133
5868
5726
5669
5631
5515
5418
5335
5266
5276
5257
5270
5254
5242
5254
5265
5275
5281
5290
5297
5304
5293
5300
5306
5312
5330
5368
5409
5445
5477
5492
5503
5515
5541
5549
5554
5571
5601
5566
5532
5537
5509
5465
5450
5471
5486
5496
5532
5556
5566
5573
5606
5655
5700
5764
5764
5806
5839
5889
5938
5973
6008
6041
6079
6116
6152
6190
6266
6330
6370
6376
6361
6344
6333
6348
11914
7922
7304
7333
7319
7457
7399
7177
7168
7151
6891
6572
6297
6014
5804
5685
5583
5496
5420
5353
5294
5241
5194
5151
5121
5100
5083
5051
5022
4995
4969
4946
4924
4903
4884
4866
4849
4833
4817
4803
4789
4776
4763
4751
4740
4729
4658
4628
4594
4550
4508
4459
4420
4396
4362
4325
4311
4312
4320
4336
4345
4344
4349
4357
4377
4397
4418
4436
4458
4502
4564
4624
4685
4756
4829
4904
4982
11914
11913
11912
11914
11913
11912
11911
11910
11733
11574
10851
10333
9850
9563
9044
8795
8961
9110
9244
9366
9478
9579
9672
9758
9838
9911
9979
10043
10102
10158
10210
10259
10305
10348
10389
10428
10465
10500
10533
11914
11913
9279
7956
7328
6775
6278
5951
5718
5544
5410
5353
5447
5635
5839
6030
6210
6378
6537
6687
6733
6674
6608
6572
6536
6457
6342
6238
6146
6120
6134
6056
5983
5985
6030
5994
5973
5956
5940
5960
6018
6044
6081
6104
6170
6234
6233
6233
11914
11914
11913
11912
11911
11910
11909
11908
11907
11906
11905
11904
11903
11902
11901
11900
11899
11898
11914
11913
11912
11911
11910
11909
11908
11914
11913
11912
11911
11910
11909
11908
11907
11906
11905
11904
11903
11902
11901
11900
11899
11898
11897
11896
11895
11894
11893
11892
11891
11890
11889
11888
11887
11886
11885
11884
11914
11913
11912
11911
11910
11914
11913
11914
11913
11912
11914
11914
11913
11912
11911
11309
10392
9518
9238
9473
9387
9241
9062
8916
8713
8520
8524
8668
8800
8921
9033
9137
9233
9192
9279
9221
9283
9358
9428
9495
9558
9618
9675
9729
9780
9828
9875
9919
9961
10002
10040
10077
10113
10147
10180
10211
10241
10240
10239
10238
10238
10288
10407
10584
10698
10697
10774
10878
11007
11139
11315
11512
11604
11603
11602
11601
11600
11599
11598
11701
11700
11820
11836
11835
11834
11833
11914
9696
8827
8448
8342
8116
7708
7841
8149
8414
8643
8844
9022
9179
9321
9448
9563
9667
9762
9850
9930
10004
10073
10136
10196
10251
10297
10317
10361
10302
10319
10335
10350
10364
10377
10390
10379
10355
10388
10420
10450
10479
10507
10533
10559
10583
10580
10571
10691
10789
10778
10871
10961
10942
10830
10728
10686
10685
10681
10528
10301
10144
9971
9783
9729
9728
9727
9726
9725
9724
9724
9723
9725
9740
9740
11914
9625
8787
8465
8795
8706
9053
9332
9561
9752
9914
10053
10174
9963
9988
10088
10178
10260
10334
10401
10463
10519
10547
10369
10167
10014
9774
9552
9286
9012
8802
8529
8357
8260
8229
8139
7964
7792
7635
7492
7366
7354
11914
11913
11912
11911
11910
11909
11845
11284
10680
10490
10123
10040
9871
9448
9353
9328
9447
9555
9654
9745
9652
9525
9411
9309
9217
9134
9058
8988
8924
8865
8848
8918
8985
9049
9110
9168
9224
9278
9329
9379
9426
9472
9515
9558
9598
9637
9636
9636
9635
9634
9633
9632
9638
9707
9809
9864
9969
10021
10103
10286
10372
10436
10435
10434
10433
10433
10525
10646
10769
10896
11025
11158
11914
11913
11912
11911
11910
11909
11908
11907
11906
11905
11904
11903
11902
11901
11900
11899
11898
11897
11896
11895
11894
11893
11892
11891
11890
11889
11888
11887
11886
11885
11884
11883
11882
11881
11880
11879
11878
11877
11876
11875
11874
11873
11872
11871
11870
11869
11868
11867
11866
11865
11864
11863
11862
11861
11860
11859
11858
11857
11856
11914
11913
11912
11911
11910
11909
11908
11907
11906
11905
11904
11903
11902
11901
11900
11899
11898
11897
11896
11895
11914
11913
11912
11911
11910
11909
11908
11907
11906
11905
11904
11903
11902
11901
11900
11899
11898
11897
11896
11895
11894
11893
11892
11891
11890
11889
11888
11887
11886
11885
11884
11883
11882
11881
11880
11879
11878
11877
11876
11875
11874
11873
11872
11871
11870
11869
11868
11867
11866
11865
11864
11863
11862
11861
11860
11859
11858
11857
11856
11855
11854
11853
11852
11851
11850
11849
11848
11847
11846
11914
11913
11912
11911
11910
11909
11908
11907
11906
11905
11904
11625
11148
10770
10461
10206
9990
9805
9646
9506
9447
9536
9618
9694
9755
9646
9542
9447
9296
9143
9076
9005
8856
8650
8441
8346
8266
8200
8206
8198
8140
8049
7996
8033
8003
7902
7741
7566
7447
7358
7280
7234
7164
7117
7062
7007
6953
6961
7013
11914
11913
11912
11879
10374
9331
8934
9058
8845
8686
8186
7736
7358
7187
7154
7166
7219
7379
11914
11914
11913
11912
10264
10555
10758
10907
11022
11113
11186
11247
11298
11342
11379
11411
11440
11465
11487
11507
11525
11541
11555
11914
11913
10290
9373
8734
8496
8128
7830
7651
7511
7357
7297
7234
7210
7084
6979
6907
6933
6924
6932
6939
6943
6933
6906
6885
6885
6894
6851
6810
6803
6813
11914
11913
11851
10032
9325
8851
8495
8353
8171
8010
8221
11914
11897
10069
8400
7935
7759
7675
7512
7492
7490
7488
7462
7462
7462
7462
7462
7441
7441
7434
7416
7374
7269
7162
7046
6938
6708
6556
6438
6332
6236
6148
6068
5995
5927
5861
5821
5807
5798
5789
5782
5807
5833
5861
5882
5888
5878
5779
5711
5698
5701
5682
5655
5625
5612
5588
5575
5557
5548
5543
5519
5486
5434
5375
5314
5275
5236
5204
5198
5191
5188
5191
5245
5289
5332
5373
5428
5484
5539
5598
5651
5721
5773
5810
5844
5879
5913
5917
5920
5919
5924
5938
5969
6033
6064
6071
6100
6133
6166
6201
6226
6251
6264
6283
6292
6280
6287
6292
6352
6434
6522
6582
6648
6715
6768
6827
6893
6944
6992
7027
7053
7085
7094
7103
7115
7123
7142
7142
7143
7142
7141
7138
7133
7130
11914
11913
11912
11911
11910
11909
11908
11907
11820
10830
10009
9729
9508
9289
8999
8885
8787
8701
8625
8465
8411
8358
8201
8167
8135
8090
8064
8036
7991
7911
7875
7860
7847
7834
7821
7810
7798
7788
7758
7728
7678
7671
7641
7635
7595
7560
7470
7385
7301
7224
7166
7110
7054
7000
6952
6981
7025
7024
7023
7021
7031
7009
7007
7006
7001
7008
6979
6957
6973
6946
6922
6902
6880
6854
6859
6850
6837
6827
6808
6806
6778
6777
6776
6775
6758
6769
6798
6780
6797
6795
6793
6810
6813
6828
6848
6848
6843
6823
6821
6774
6747
6746
6745
6745
6744
6721
6736
6722
6720
6719
6723
6740
6764
6785
6806
6830
6852
6876
6896
6890
6844
6854
6828
6759
6730
6684
6640
6594
6570
6561
6553
6528
6489
6478
6457
6441
6423
6378
6347
6309
6268
6240
6204
6179
6140
6143
6125
6086
6070
6039
6001
5966
5925
5902
5846
5815
5799
5753
5742
5713
5695
5659
5646
5614
5605
5623
5607
5607
5639
5682
5697
5723
5763
5797
5814
5820
5846
5865
5896
5915
5932
5946
5980
6025
6065
6102
6140
6178
6216
6255
6295
6330
6370
6411
6428
6461
6503
6569
6618
6677
6750
6789
6809
6851
6864
6904
6927
6980
6997
7044
7056
7059
7135
7162
7161
7174
7201
7210
7227
7226
7175
7103
7076
7023
6941
6884
6834
6785
6737
6689
6642
6596
6550
6505
6460
6416
6373
6330
6288
6246
6205
6165
6124
6055
5976
5898
5823
5779
5743
5716
5646
5577
5510
5444
5380
5348
5317
5287
5257
5228
5199
5170
5141
5113
5085
5054
5049
5055
5047
5051
5064
5065
5045
5015
4986
4956
4928
4899
4895
4894
4893
4891
4863
4836
4791
4747
4720
4672
4624
4611
4591
4579
4572
4530
4483
4440
4417
4393
4370
4347
4341
4320
4303
4285
4246
4220
4198
4158
4117
4078
4039
4004
3968
3932
3895
3862
3833
3805
3788
3790
3800
3821
3842
3864
3880
3890
3900
3911
3956
4009
4075
4144
4202
4280
4361
4430
4514
4593
4671
4769
4873
4981
5094
5213
5337
5467
5576
5681
5781
5888
6041
6174
6306
6487
6681
11914
11913
11912
11911
11910
11909
11908
11907
11906
11905
11904
11903
11477
11054
10711
10428
10190
9912
9720
9575
9397
9287
9189
9100
9020
8948
8881
8820
8764
8713
8665
8620
8579
8545
8613
8678
8741
8801
8859
8915
8968
9020
9070
9118
9164
9209
9208
9207
9206
9205
9205
9204
9203
9202
9202
9201
9200
9199
9274
9367
9463
9560
9659
11914
11913
11912
11911
11910
11909
11908
11907
11906
11794
11205
10758
10406
10121
9887
9662
9437
9301
9181
9076
8983
8900
8783
8718
8659
8545
8498
8432
8376
8330
8253
8191
8165
8142
8090
8065
8046
8028
8011
7995
7980
7965
7951
7938
7925
7913
7826
7759
7694
7629
7558
7495
7434
7363
7303
7245
7243
7242
7231
7220
7213
7205
7200
7199
7190
7186
7181
7180
7178
7176
7166
7185
7172
7163
7158
7152
7169
7150
7138
7119
7119
7122
7121
7120
7119
7118
7117
7116
7115
7114
7113
7106
7121
7116
7106
7105
7104
7088
7087
7088
7081
7089
7084
7083
7092
7097
7102
7113
7121
7120
7121
7122
7125
7113
7128
7116
7124
7123
7134
7148
7158
7168
7168
7203
7212
7229
7244
7236
7235
7234
7233
7232
7231
7230
7229
7228
7227
7232
7231
7234
7242
7242
7247
7263
7262
7269
7274
7273
7276
7275
7274
7277
7276
7276
7282
7281
7287
7286
7286
7296
7295
7306
7305
7308
7307
7303
7302
7301
7286
7285
7284
7285
7284
7290
7289
7280
7273
7272
7258
7257
7256
7255
7254
7229
7228
7227
7225
7205
7204
7203
7182
7181
7180
7179
7178
7177
7176
7175
7174
7173
7172
7148
7147
7128
7122
7105
7104
7094
7081
7076
7054
7054
7033
6983
6992
6939
6912
6889
6844
6827
6808
6786
6768
6738
6726
6700
6657
6622
6598
6595
6570
6543
6543
6558
6547
6536
6535
6515
6511
6510
6490
6489
6488
6487
6486
6485
6485
6503
6502
6516
6519
6531
6530
6537
6530
6491
6500
6467
6480
6478
6440
6440
6399
6381
6390
6403
6382
6403
6423
6409
6386
6375
6412
6402
6381
6351
6363
6346
6342
6341
6350
6351
6340
6357
6358
6357
6375
6374
6374
6373
6342
6299
6257
6244
6244
6228
6257
6224
6214
6183
6159
6187
6182
6211
6175
6177
6181
6188
6252
6308
6381
6380
6389
6437
6483
6571
6665
6752
6804
6902
7006
7123
7191
7303
7367
7428
7491
7564
7667
7734
7801
7870
7940
7972
8044
8103
8205
8259
8376
8448
8516
8516
8530
8586
8680
8790
8899
9008
9115
9186
9333
9515
9704
9809
9901
9949
9912
10022
10158
10156
10093
10092
9974
9973
9972
9968
9902
9878
9869
9868
9867
9867
9866
9865
9864
9863
9862
9861
9860
9919
9918
9938
9969
10106
